247707469870887
10223005157467553
2614707748741232
3047193752065299
10215904406698553
10158728796159239
1009402862789646
663143174536003
2773972189501371
1139559786405782
247708536537447
663172677866386
10215915661515285
2589562117931050
820518921791200
663174794532841
2672450599526722
247714709870163
247713803203587
900035457180388
254029205686844
1667546800067408
247711186537182
2673739892947827
701353603770157
247720466536254
247719996536301
2749739431921266
1216810271991195
2646893975585502
303885051014786
1703527036467394
2844513555674899
2922861817831912
663191391197848
150826736508244
1961923003941780
896911960812395
199088867915294
896912754145649
564528127592245
552401188980404
3164274223630127
896918384145086
3197919520258124
3428868450475185
253048045950998
132487965118078
10223005559997616
1187121911623192
2749763528585523
2589605924593336
615159719094085
311416403353246
615158815760842
147092223608968
615158562427534
661816027999023
226221168362316
1667606593394762
552430918977431
2589613404592588
664558060796556
1187132724955444
2629771477239321
615161469093910
233538040950753
3565395773486813
3550452988311888
3218182644888251
10158729085579239
548855775744177
3307167109351291
615176332425757
951187685328775
572187303691795
285404089171204
3113687125381208
572191077024751
1044082302655050
615176569092400
233704857600738
2673833289605154
668209690431393
615177775758946
260564785214100
303966834339941
552470492306807
282458012880168
1187178531617530
1667672236721531
10220431612832685
10216655415168400
572215743688951
233843490920208
572215313688994
168442198034829
572216580355534
841870882970136
896982104138714
841871606303397
10215905150197140
1187191531616230
1535616536636802
896988004138124
554882038735848
283119282810752
252307876040322
1110350382666607
3061357680565982
2673878242933992
602226067079574
2381342658831830
3546654415362673
10158964599815476
10158285137716101
2962029853917717
2749886955239847
629785437894601
920284708433965
1187216818280368
1444249925761493
252333692704407
2740445916236848
1216981761974046
2614859195392754
1106707343042266
615232192420171
122730079453353
2749902671904942
584525505830515
335302504120848
3264422586910841
3580440105305069
668288087090220
235942557390177
1667731456715609
663327154517605
282785076180795
663327991184188
703930350405401
1667737550048333
2631493200420865
3205409382886478
1667743913381030
267383317939541
247025249975348
3196516893701694
3205444839549599
2845001622292759
252809626145745
262547118503238
10213524125775765
2749935581901651
841941329629758
10213524137576060
1036604446755368
1217047151967507
572304917013367
150809899843261
335347880782977
1667787983376623
1009651829431416
552552738965249
3196618763691507
