2036027239811470
3148561855224664
1685626221518242
3146968115384038
3143453972402119
3148040278610155
3149298018484381
3148056521941864
3148139181933598
3147566468657536
3134519576628892
3147678441979672
3145660685514781
3148200275260822
3146466212100895
3145146018899581
3149325268481656
3147851225295727
3148125518601631
3148292711918245
3079555312125319
3148323261915190
3064763483604502
3132151593532357
3149264655154384
3144908102256706
3148843058529877
3148964645184385
3149350001812516
3147951221952394
3149364168477766
3147072708706912
3149518981795618
3144389958975187
3139839289430254
3148016451945871
3146062272141289
3149502925130557
3147843675296482
3148339515246898
3148336328580550
3120716041342579
3148714045209445
1600608136686718
2836231189791067
2937114919702693
3149532778460905
3140759449338238
3149533525127497
3149533401794176
3149534655127384
3149535971793919
3149536298460553
3146024708811712
3147604795320370
3120782204669296
3149569838457199
3149567951790721
3149576618456521
3136252079788975
3145599835520866
3148249878589195
3139137566167093
3149376708476512
3149591588455024
3147416365339213
3149600265120823
3147688638645319
3149602728453910
3148023498611833
3140610009353182
3120785698002280
3149607475120102
3149611048453078
3149614698452713
3149617171785799
3149571495123700
3149553888458794
3149626801784836
3146094078804775
3141567322590784
3149633765117473
2526499074097615
3149646168449566
3149644465116403
3149645291782987
3147141802033336
3149832845097565
3149740588440124
3149907031756813
3149803055100544
3149937775087072
3131167743630742
3149806655100184
3149750245105825
3147937301953786
3120721481342035
3147962615284588
1595103793903819
3149955575085292
3149971865083663
3149961895084660
3149851371762379
2596817587065763
2307046326042892
3149993678414815
3038419449572239
3149816885099161
3026112244136293
3148641915216658
3136119366468913
3150002191747297
3150004061747110
3150003488413834
3149772908436892
3148563141891202
3122224741191709
3130958886984961
3143437952403721
3150050411742475
3150023825078467
3150039481743568
3150013158412867
3011567708924080
3150056278408555
3150062545074595
3150065871740929
3150064451741071
3003531276394390
1751535798260617
3150071198407063
3147452255335624
3150068598407323
3148173128596870
3149067388507444
3145177655563084
3150086751738841
3150089981738518
3149854495095400
3127592787321571
3150093098404873
3150126708401512
3144428558971327
3145696938844489
3150120741735442
3150128241734692
3149377541809762
2502625243151665
3150146578399525
3150143798399803
3150145878399595
3147339155346934
3150080525072797
3150144468399736
3150148605065989
3150109308403252
3150103685070481
3150156225065227
3150216281725888
3150159788398204
3150186675062182
3147597515321098
3150192625061587
3150211658393017
3150228201724696
3150229361724580
3150200588394124
3109147399166110
3150193131728203
2562918813788974
3150232328390950
3150240461723470
3150243835056466
3150166275064222
2873646689382850
3141684469245736
3150245041723012
3150251811722335
3150256715055178
3150264405054409
3139943096086540
3150266178387565
3150268061720710
2110167672397426
2113859932028200
3150271465053703
3150271418387041
3150270261720490
3150274708386712
3150280641719452
2813400965407423
3148356981911818
3148744028539780
3150282161719300
3150286265052223
3136271643120352
3144992628914920
3145573402190176
3150308345050015
3147927485288101
3147583085322541
3150308315050018
3149641291783387
3148490961898420
3150328198381363
3150334068380776
3150334951714021
3150335375047312
3150335378380645
3150331561714360
3149853551762161
3150343871713129
3150343775046472
3150346441712872
3150345291712987
3150345245046325
3150351321712384
3150357001711816
3150357515045098
3150368128377370
2841442722603247
3141202315960618
3150375495043300
3150374695043380
3150402285040621
3150402108373972
3150396191707897
3150397948374388
3150398345041015
3149433338470849
3137956669618516
2800934579987395
2101331286614398
3142602455820604
3150409098373273
3150411778373005
3150420511705465
3150447678369415
3147567328657450
3150435138370669
3147611425319707
3147016888712494
3117017545045762
3085770868170430
3150453125035537
3095415433872640
3099702853443898
3137190603028456
3147498851997631
3140322832715233
3150459068368276
3150428841704632
3150438478370335
3150461525034697
3141847602562756
3150426311704885
3150465715034278
3147862941961222
3150471621700354
3148028445278005
3125294637551386
